20 20
-798958144 -798958144 -798958144 -798958144 -798958144 -798958144 -798958144 -798958144 -798958144 -798958144 -798958144 -798958144 -798958144 -798958144 -798958144 -798958144 -798958144 -798958144 -798958144 -798958144 
-798958144 -798958144 -798958144 -798958144 -798958144 -798958144 -798958144 -798958144 -798958144 -798958144 -798958144 -798958144 -798958144 -798958144 -798958144 -798958144 -798958144 -798958144 -798958144 -798958144 
-798958144 -798958144 -798958144 -798958144 -798958144 -798958144 -798958144 -798958144 -798958144 -798958144 -798958144 -798958144 -798958144 -798958144 -798958144 -798958144 -798958144 -798958144 -798958144 -798958144 
-798958144 -798958144 -798958144 -798958144 -798958144 -798958144 -798958144 -798958144 -798958144 -798958144 -798958144 -798958144 -798958144 -798958144 -798958144 -798958144 -798958144 -798958144 -798958144 -798958144 
-798958144 -798958144 -798958144 -798958144 -798958144 -798958144 -798958144 -798958144 -798958144 -798958144 -798958144 -798958144 -798958144 -798958144 -798958144 -798958144 -798958144 -798958144 -798958144 -798958144 
-798958144 -798958144 -798958144 -798958144 -798958144 -798958144 -798958144 -798958144 -798958144 -798958144 -798958144 -798958144 -798958144 -798958144 -798958144 -798958144 -798958144 -798958144 -798958144 -798958144 
-798958144 -798958144 -798958144 -798958144 -798958144 -798958144 -798958144 -798958144 -798958144 -798958144 -798958144 -798958144 -798958144 -798958144 -798958144 -798958144 -798958144 -798958144 -798958144 -798958144 
-798958144 -798958144 -798958144 -798958144 -798958144 -798958144 -798958144 -798958144 -798958144 -798958144 -798958144 -798958144 -798958144 -798958144 -798958144 -798958144 -798958144 -798958144 -798958144 -798958144 
-798958144 -798958144 -798958144 -798958144 -798958144 -798958144 -798958144 -798958144 -798958144 -798958144 -798958144 -798958144 -798958144 -798958144 -798958144 -798958144 -798958144 -798958144 -798958144 -798958144 
-798958144 -798958144 -798958144 -798958144 -798958144 -798958144 -798958144 -798958144 -798958144 -798958144 -798958144 -798958144 -798958144 -798958144 -798958144 -798958144 -798958144 -798958144 -798958144 -798958144 
-798958144 -798958144 -798958144 -798958144 -798958144 -798958144 -798958144 -798958144 -798958144 -798958144 -798958144 -798958144 -798958144 -798958144 -798958144 -798958144 -798958144 -798958144 -798958144 -798958144 
-798958144 -798958144 -798958144 -798958144 -798958144 -798958144 -798958144 -798958144 -798958144 -798958144 -798958144 -798958144 -798958144 -798958144 -798958144 -798958144 -798958144 -798958144 -798958144 -798958144 
-798958144 -798958144 -798958144 -798958144 -798958144 -798958144 -798958144 -798958144 -798958144 -798958144 -798958144 -798958144 -798958144 -798958144 -798958144 -798958144 -798958144 -798958144 -798958144 -798958144 
-798958144 -798958144 -798958144 -798958144 -798958144 -798958144 -798958144 -798958144 -798958144 -798958144 -798958144 -798958144 -798958144 -798958144 -798958144 -798958144 -798958144 -798958144 -798958144 -798958144 
-798958144 -798958144 -798958144 -798958144 -798958144 -798958144 -798958144 -798958144 -798958144 -798958144 -798958144 -798958144 -798958144 -798958144 -798958144 -798958144 -798958144 -798958144 -798958144 -798958144 
-798958144 -798958144 -798958144 -798958144 -798958144 -798958144 -798958144 -798958144 -798958144 -798958144 -798958144 -798958144 -798958144 -798958144 -798958144 -798958144 -798958144 -798958144 -798958144 -798958144 
-798958144 -798958144 -798958144 -798958144 -798958144 -798958144 -798958144 -798958144 -798958144 -798958144 -798958144 -798958144 -798958144 -798958144 -798958144 -798958144 -798958144 -798958144 -798958144 -798958144 
-798958144 -798958144 -798958144 -798958144 -798958144 -798958144 -798958144 -798958144 -798958144 -798958144 -798958144 -798958144 -798958144 -798958144 -798958144 -798958144 -798958144 -798958144 -798958144 -798958144 
-798958144 -798958144 -798958144 -798958144 -798958144 -798958144 -798958144 -798958144 -798958144 -798958144 -798958144 -798958144 -798958144 -798958144 -798958144 -798958144 -798958144 -798958144 -798958144 -798958144 
-798958144 -798958144 -798958144 -798958144 -798958144 -798958144 -798958144 -798958144 -798958144 -798958144 -798958144 -798958144 -798958144 -798958144 -798958144 -798958144 -798958144 -798958144 -798958144 -798958144 
