10 10
-2074655920 -2074655920 -2074655920 -2074655920 -2074655920 -2074655920 -2074655920 -2074655920 -2074655920 -2074655920 
-2074655920 -2074655920 -2074655920 -2074655920 -2074655920 -2074655920 -2074655920 -2074655920 -2074655920 -2074655920 
-2074655920 -2074655920 -2074655920 -2074655920 -2074655920 -2074655920 -2074655920 -2074655920 -2074655920 -2074655920 
-2074655920 -2074655920 -2074655920 -2074655920 -2074655920 -2074655920 -2074655920 -2074655920 -2074655920 -2074655920 
-2074655920 -2074655920 -2074655920 -2074655920 -2074655920 -2074655920 -2074655920 -2074655920 -2074655920 -2074655920 
-2074655920 -2074655920 -2074655920 -2074655920 -2074655920 -2074655920 -2074655920 -2074655920 -2074655920 -2074655920 
-2074655920 -2074655920 -2074655920 -2074655920 -2074655920 -2074655920 -2074655920 -2074655920 -2074655920 -2074655920 
-2074655920 -2074655920 -2074655920 -2074655920 -2074655920 -2074655920 -2074655920 -2074655920 -2074655920 -2074655920 
-2074655920 -2074655920 -2074655920 -2074655920 -2074655920 -2074655920 -2074655920 -2074655920 -2074655920 -2074655920 
-2074655920 -2074655920 -2074655920 -2074655920 -2074655920 -2074655920 -2074655920 -2074655920 -2074655920 -2074655920 
